02Jan2020,SG012015,1100,144337.01,,
07Jan2020,SM012015,1100,145437.01,,
09Jan2020,CAPITEC   XP012015,1100,146537.01,,
11Jan2020,CARRIED FORWARD,0,146537.01,,
11Jan2020,BROUGHT FORWARD,0,146537.01,,
25Jan2020,SM012015,1100,147637.01,,
28Jan2020,ABSA BANK BN012015,2200,149837.01,,
28Jan2020,LG012015,1100,150937.01,,
28Jan2020,CM012015,1100,152037.01,,
28Jan2020,VAT 27/12-27/01 = R9.40,0,152037.01,,
28Jan2020,MAINTENANCE FEE,-60,151977.01,#,
28Jan2020,eNote Service Fee-5SMS,-12,151965.01,#,
06Feb2020,ZY012015,1100,153065.01,,
06Feb2020,CAPITEC   XP012015,1100,154165.01,,
07Feb2020,SG012015,1300,155465.01,,
11Feb2020,CARRIED FORWARD,0,155465.01,,
11Feb2020,   PROVISIONAL STATEMENT,0,0,,
11Feb2020,BROUGHT FORWARD,0,155465.01,,
13Feb2020,SG012015,3300,158765.01,,
19Feb2020,GB LINKAGE FEE5898461031189796,-250.43,158514.58,#,
19Feb2020,GB LINKAGE FEE5898461032950303,-250.43,158264.15,#,
26Feb2020,ABSA BANK BN012015,1100,159364.15,,
26Feb2020,NT012015,1000,160364.15,,
26Feb2020,VAT 28/01-25/02 = R74.72,0,160364.15,,
26Feb2020,MAINTENANCE FEE,-60,160304.15,#,
26Feb2020,eNote Service Fee-7SMS,-12,160292.15,#,
27Feb2020,CM012015,1100,161392.15,,
28Feb2020,LG012015,1100,162492.15,,
05Mar2020,SG012015,1100,163592.15,,
05Mar2020,CAPITEC   XP012015,1100,164692.15,,
06Mar2020,SM012015,1100,165792.15,,
09Mar2020,ZY012015,1100,166892.15,,
11Mar2020,CARRIED FORWARD,0,166892.15,,
07Jan2019,CAPITEC   XP012015,1000,11543.51,,
08Jan2019,SM012015,1000,12543.51,,
11Jan2019,CARRIED FORWARD,0,12543.51,,
11Jan2019,BROUGHT FORWARD,0,12543.51,,
12Jan2019,MAINTENANCE FE5412820026796278,-175,12368.51,#,
28Jan2019,CM012015,1000,13368.51,,
28Jan2019,VAT 27/12-27/01 = R31.70,0,13368.51,,
28Jan2019,MAINTENANCE FEE,-56,13312.51,#,
28Jan2019,eNote Service Fee-3SMS,-12,13300.51,#,
29Jan2019,SG012015,1000,14300.51,,
01Feb2019,ABSA BANK BN012015,1000,15300.51,,
02Feb2019,NT012015,1050,16350.51,,
06Feb2019,CAPITEC   XP012015,1000,17350.51,,
07Feb2019,SM012015,1000,18350.51,,
08Feb2019,ZY012015,1050,19400.51,,
08Feb2019,MM012015,1000,20400.51,,
11Feb2019,LGW02015,2000,22400.51,,
11Feb2019,CARRIED FORWARD,0,22400.51,,
11Feb2019,BROUGHT FORWARD,0,22400.51,,
25Feb2019,VAT 28/01-24/02 = R8.87,0,22400.51,,
25Feb2019,MAINTENANCE FEE,-56,22344.51,#,
25Feb2019,eNote Service Fee-9SMS,-12,22332.51,#,
27Feb2019,NT012015,1000,23332.51,,
27Feb2019,CM012015,1000,24332.51,,
27Feb2019,SG012015,1000,25332.51,,
01Mar2019,ABSA BANK BN012015,1000,26332.51,,
05Mar2019,LGW02015,1000,27332.51,,
05Mar2019,MM012015,1000,28332.51,,
06Mar2019,CAPITEC   XP012015,1000,29332.51,,
07Mar2019,SM012015,1000,30332.51,,
09Mar2019,ZY012015,2000,32332.51,,
11Mar2019,CARRIED FORWARD,0,32332.51,,
11Mar2019,BROUGHT FORWARD,0,32332.51,,
15Mar2019,NT012015,1000,33332.51,,
27Mar2019,CM012015,1000,34332.51,,
27Mar2019,VAT 25/02-26/03 = R8.87,0,34332.51,,
27Mar2019,MAINTENANCE FEE,-56,34276.51,#,
27Mar2019,eNote Service Fee-10SMS,-12,34264.51,#,
28Mar2019,ABSA BANK LG02015,1100,35364.51,,
29Mar2019,MM012015,1100,36464.51,,
30Mar2019,ABSA BANK BN012015,1000,37464.51,,
01Apr2019,SG012015,1100,38564.51,,
05Apr2019,XP012015,1100,39664.51,,
06Apr2019,SM012015,1000,40664.51,,
11Apr2019,CARRIED FORWARD,0,40664.51,,
11Apr2019,BROUGHT FORWARD,0,40664.51,,
13Apr2019,XFER TO 1147833931,-120.5,40544.01,,
13Apr2019,CARD REPLACED 5898461035146412,-135,40409.01,#,
13Apr2019,CARD REPLACED 5898461035146412,-135,40274.01,#,
25Apr2019,VAT 27/03-24/04 = R44.09,0,40274.01,,
25Apr2019,MAINTENANCE FEE,-56,40218.01,#,
25Apr2019,eNote Service Fee-8SMS,-12,40206.01,#,
29Apr2019,CM012015,1200,41406.01,,
29Apr2019,NT012015,1200,42606.01,,
30Apr2019,SG012015,1100,43706.01,,
02May2019,ABSA BANK BN012015,1200,44906.01,,
02May2019,ABSA BANK LG02015,1100,46006.01,,
03May2019,LWG012015,3000,49006.01,,
06May2019,ABSA BANK ZY012015,2250,51256.01,,
06May2019,CAPITEC   XP012015,1100,52356.01,,
09May2019,SM012015,1100,53456.01,,
11May2019,CARRIED FORWARD,0,53456.01,,
11May2019,BROUGHT FORWARD,0,53456.01,,
16May2019,NT012015,1000,54456.01,,
25May2019,LWG012015,10000,64456.01,,
28May2019,CM012015,1100,65556.01,,
28May2019,VAT 25/04-27/05 = R8.87,0,65556.01,,
28May2019,MAINTENANCE FEE,-56,65500.01,#,
28May2019,eNote Service Fee-11SMS,-12,65488.01,#,
29May2019,MM012015,1100,66588.01,,
31May2019,SG012015,1100,67688.01,,
31May2019,ABSA BANK BN012015,1100,68788.01,,
05Jun2019,CAPITEC   XP012015,1100,69888.01,,
06Jun2019,SM012015,1100,70988.01,,
11Jun2019,ZY012015,1100,72088.01,,
11Jun2019,CARRIED FORWARD,0,72088.01,,
11Jun2019,BROUGHT FORWARD,0,72088.01,,
14Jun2019,NT012015,1150,73238.01,,
26Jun2019,VAT 28/05-25/06 = R8.87,0,73238.01,,
26Jun2019,MAINTENANCE FEE,-56,73182.01,#,
26Jun2019,eNote Service Fee-8SMS,-12,73170.01,#,
27Jun2019,CM012015,1100,74270.01,,
29Jun2019,ABSA BANK BN012015,1100,75370.01,,
03Jul2019,LG012015,1100,76470.01,,
03Jul2019,SG012015,1100,77570.01,,
04Jul2019,ZY012015,1100,78670.01,,
06Jul2019,CAPITEC   XP012015,1100,79770.01,,
09Jul2019,SM012015,1100,80870.01,,
11Jul2019,MM012015,1100,81970.01,,
11Jul2019,CARRIED FORWARD,0,81970.01,,
11Jul2019,BROUGHT FORWARD,0,81970.01,,
15Jul2019,NT012015,1500,83470.01,,
25Jul2019,ZY012015,1100,84570.01,,
27Jul2019,CM012015,1100,85670.01,,
27Jul2019,VAT 26/06-26/07 = R8.87,0,85670.01,,
27Jul2019,MAINTENANCE FEE,-56,85614.01,#,
27Jul2019,eNote Service Fee-10SMS,-12,85602.01,#,
29Jul2019,LG012015,1100,86702.01,,
30Jul2019,ABSA BANK BN012015,1150,87852.01,,
31Jul2019,SG012015,13100,100952.01,,
05Aug2019,MM012015,1100,102052.01,,
05Aug2019,CAPITEC   XP012015,1100,103152.01,,
06Aug2019,SM012015,1100,104252.01,,
10Aug2019,CARRIED FORWARD,0,104252.01,,
10Aug2019,BROUGHT FORWARD,0,104252.01,,
16Aug2019,NT012015,1100,105352.01,,
26Aug2019,ZY012015,1100,106452.01,,
27Aug2019,CM012015,1100,107552.01,,
28Aug2019,SM012015,1100,108652.01,,
28Aug2019,LG012015,1100,109752.01,,
28Aug2019,VAT 27/07-27/08 = R8.87,0,109752.01,,
28Aug2019,MAINTENANCE FEE,-56,109696.01,#,
28Aug2019,eNote Service Fee-9SMS,-12,109684.01,#,
29Aug2019,eNote Service Fee-9SMS,-12,109672.01,#,
30Aug2019,ABSA BANK BN012015,1100,110772.01,,
30Aug2019,eNote Service Fee-9SMS-REV,12,110784.01,#,
09Sep2019,SG012015,1100,111884.01,,
09Sep2019,CAPITEC   XP012015,1100,112984.01,,
11Sep2019,CARRIED FORWARD,0,112984.01,,
11Sep2019,BROUGHT FORWARD,0,112984.01,,
21Sep2019,NT012015,1000,113984.01,,
26Sep2019,MM012015,1100,115084.01,,
26Sep2019,VAT 28/08-25/09 = R8.87,0,115084.01,,
26Sep2019,MAINTENANCE FEE,-56,115028.01,#,
26Sep2019,eNote Service Fee-7SMS,-12,115016.01,#,
27Sep2019,SG012015,1100,116116.01,,
28Sep2019,LG012015,1100,117216.01,,
28Sep2019,ABSA BANK BN012015,1100,118316.01,,
28Sep2019,CM012015,1100,119416.01,,
02Oct2019,ZY012015,1100,120516.01,,
07Oct2019,SM012015,1100,121616.01,,
07Oct2019,CAPITEC   XP012015,1100,122716.01,,
11Oct2019,MAINTENANCE FE5412820026498156,-175,122541.01,#,
11Oct2019,CARRIED FORWARD,0,122541.01,,
11Oct2019,BROUGHT FORWARD,0,122541.01,,
26Oct2019,NT012015,1200,123741.01,,
28Oct2019,CM012015,1100,124841.01,,
28Oct2019,VAT 26/09-27/10 = R31.70,0,124841.01,,
28Oct2019,MAINTENANCE FEE,-56,124785.01,#,
28Oct2019,eNote Service Fee-8SMS,-12,124773.01,#,
30Oct2019,SG012015,1100,125873.01,,
01Nov2019,ABSA BANK BN012015,1100,126973.01,,
04Nov2019,SM012015,1100,128073.01,,
04Nov2019,ZY012015,1100,129173.01,,
05Nov2019,CAPITEC   XP012015,1100,130273.01,,
11Nov2019,CARRIED FORWARD,0,130273.01,,
11Nov2019,BROUGHT FORWARD,0,130273.01,,
22Nov2019,NT012015,1200,131473.01,,
27Nov2019,CM012015,1100,132573.01,,
27Nov2019,VAT 28/10-26/11 = R8.87,0,132573.01,,
27Nov2019,MAINTENANCE FEE,-56,132517.01,#,
27Nov2019,eNote Service Fee-8SMS,-12,132505.01,#,
28Nov2019,LG012015,1100,133605.01,,
30Nov2019,ABSA BANK BN012015,1100,134705.01,,
04Dec2019,SM012015,1100,135805.01,,
04Dec2019,ZY012015,1100,136905.01,,
04Dec2019,CAPITEC   XP012015,1100,138005.01,,
11Dec2019,CARRIED FORWARD,0,138005.01,,
11Dec2019,   PROVISIONAL STATEMENT,0,0,,
11Dec2019,BROUGHT FORWARD,0,138005.01,,
17Dec2019,NT012015,2000,140005.01,,
17Dec2019,ZY012015,1100,141105.01,,
17Dec2019,SG012015,1100,142205.01,,
18Dec2019,CARRIED FORWARD,0,142205.01,,
15Jul2019,NT012015,1500,83470.01,,
25Jul2019,ZY012015,1100,84570.01,,
27Jul2019,CM012015,1100,85670.01,,
27Jul2019,VAT 26/06-26/07 = R8.87,0,85670.01,,
27Jul2019,MAINTENANCE FEE,-56,85614.01,#,
27Jul2019,eNote Service Fee-10SMS,-12,85602.01,#,
29Jul2019,LG012015,1100,86702.01,,
30Jul2019,ABSA BANK BN012015,1150,87852.01,,
31Jul2019,SG012015,13100,100952.01,,
05Aug2019,MM012015,1100,102052.01,,
05Aug2019,CAPITEC   XP012015,1100,103152.01,,
06Aug2019,SM012015,1100,104252.01,,
10Aug2019,CARRIED FORWARD,0,104252.01,,
10Aug2019,BROUGHT FORWARD,0,104252.01,,
16Aug2019,NT012015,1100,105352.01,,
26Aug2019,ZY012015,1100,106452.01,,
27Aug2019,CM012015,1100,107552.01,,
28Aug2019,SM012015,1100,108652.01,,
28Aug2019,LG012015,1100,109752.01,,
28Aug2019,VAT 27/07-27/08 = R8.87,0,109752.01,,
28Aug2019,MAINTENANCE FEE,-56,109696.01,#,
28Aug2019,eNote Service Fee-9SMS,-12,109684.01,#,
29Aug2019,eNote Service Fee-9SMS,-12,109672.01,#,
30Aug2019,ABSA BANK BN012015,1100,110772.01,,
30Aug2019,eNote Service Fee-9SMS-REV,12,110784.01,#,
09Sep2019,SG012015,1100,111884.01,,
09Sep2019,CAPITEC   XP012015,1100,112984.01,,
11Sep2019,CARRIED FORWARD,0,112984.01,,
11Sep2019,BROUGHT FORWARD,0,112984.01,,
21Sep2019,NT012015,1000,113984.01,,
26Sep2019,MM012015,1100,115084.01,,
26Sep2019,VAT 28/08-25/09 = R8.87,0,115084.01,,
26Sep2019,MAINTENANCE FEE,-56,115028.01,#,
26Sep2019,eNote Service Fee-7SMS,-12,115016.01,#,
27Sep2019,SG012015,1100,116116.01,,
28Sep2019,LG012015,1100,117216.01,,
28Sep2019,ABSA BANK BN012015,1100,118316.01,,
28Sep2019,CM012015,1100,119416.01,,
02Oct2019,ZY012015,1100,120516.01,,
07Oct2019,SM012015,1100,121616.01,,
07Oct2019,CAPITEC   XP012015,1100,122716.01,,
11Oct2019,MAINTENANCE FE5412820026498156,-175,122541.01,#,
11Oct2019,CARRIED FORWARD,0,122541.01,,
11Oct2019,BROUGHT FORWARD,0,122541.01,,
26Oct2019,NT012015,1200,123741.01,,
28Oct2019,CM012015,1100,124841.01,,
28Oct2019,VAT 26/09-27/10 = R31.70,0,124841.01,,
28Oct2019,MAINTENANCE FEE,-56,124785.01,#,
28Oct2019,eNote Service Fee-8SMS,-12,124773.01,#,
30Oct2019,SG012015,1100,125873.01,,
01Nov2019,ABSA BANK BN012015,1100,126973.01,,
04Nov2019,SM012015,1100,128073.01,,
04Nov2019,ZY012015,1100,129173.01,,
05Nov2019,CAPITEC   XP012015,1100,130273.01,,
11Nov2019,CARRIED FORWARD,0,130273.01,,
11Nov2019,BROUGHT FORWARD,0,130273.01,,
22Nov2019,NT012015,1200,131473.01,,
27Nov2019,CM012015,1100,132573.01,,
27Nov2019,VAT 28/10-26/11 = R8.87,0,132573.01,,
27Nov2019,MAINTENANCE FEE,-56,132517.01,#,
27Nov2019,eNote Service Fee-8SMS,-12,132505.01,#,
28Nov2019,LG012015,1100,133605.01,,
30Nov2019,ABSA BANK BN012015,1100,134705.01,,
04Dec2019,SM012015,1100,135805.01,,
04Dec2019,ZY012015,1100,136905.01,,
04Dec2019,CAPITEC   XP012015,1100,138005.01,,
11Dec2019,CARRIED FORWARD,0,138005.01,,
11Dec2019,BROUGHT FORWARD,0,138005.01,,
17Dec2019,NT012015,2000,140005.01,,
17Dec2019,ZY012015,1100,141105.01,,
17Dec2019,SG012015,1100,142205.01,,
27Dec2019,CM012015,1100,143305.01,,
27Dec2019,VAT 27/11-26/12 = R8.87,0,143305.01,,
27Dec2019,MAINTENANCE FEE,-56,143249.01,#,
27Dec2019,eNote Service Fee-9SMS,-12,143237.01,#,
03Jul2019,LG012015,1100,76470.01,,
03Jul2019,SG012015,1100,77570.01,,
04Jul2019,ZY012015,1100,78670.01,,
06Jul2019,CAPITEC   XP012015,1100,79770.01,,
09Jul2019,SM012015,1100,80870.01,,
11Jul2019,MM012015,1100,81970.01,,
11Jul2019,CARRIED FORWARD,0,81970.01,,
11Jul2019,BROUGHT FORWARD,0,81970.01,,
15Jul2019,NT012015,1500,83470.01,,
25Jul2019,ZY012015,1100,84570.01,,
27Jul2019,CM012015,1100,85670.01,,
27Jul2019,VAT 26/06-26/07 = R8.87,0,85670.01,,
27Jul2019,MAINTENANCE FEE,-56,85614.01,#,
27Jul2019,eNote Service Fee-10SMS,-12,85602.01,#,
29Jul2019,LG012015,1100,86702.01,,
30Jul2019,ABSA BANK BN012015,1150,87852.01,,
31Jul2019,SG012015,13100,100952.01,,
05Aug2019,MM012015,1100,102052.01,,
05Aug2019,CAPITEC   XP012015,1100,103152.01,,
06Aug2019,SM012015,1100,104252.01,,
10Aug2019,CARRIED FORWARD,0,104252.01,,
10Aug2019,BROUGHT FORWARD,0,104252.01,,
16Aug2019,NT012015,1100,105352.01,,
26Aug2019,ZY012015,1100,106452.01,,
27Aug2019,CM012015,1100,107552.01,,
28Aug2019,SM012015,1100,108652.01,,
28Aug2019,LG012015,1100,109752.01,,
28Aug2019,VAT 27/07-27/08 = R8.87,0,109752.01,,
28Aug2019,MAINTENANCE FEE,-56,109696.01,#,
28Aug2019,eNote Service Fee-9SMS,-12,109684.01,#,
29Aug2019,eNote Service Fee-9SMS,-12,109672.01,#,
30Aug2019,ABSA BANK BN012015,1100,110772.01,,
30Aug2019,eNote Service Fee-9SMS-REV,12,110784.01,#,
09Sep2019,SG012015,1100,111884.01,,
09Sep2019,CAPITEC   XP012015,1100,112984.01,,
11Sep2019,CARRIED FORWARD,0,112984.01,,
11Sep2019,BROUGHT FORWARD,0,112984.01,,
21Sep2019,NT012015,1000,113984.01,,
26Sep2019,MM012015,1100,115084.01,,
26Sep2019,VAT 28/08-25/09 = R8.87,0,115084.01,,
26Sep2019,MAINTENANCE FEE,-56,115028.01,#,
26Sep2019,eNote Service Fee-7SMS,-12,115016.01,#,
27Sep2019,SG012015,1100,116116.01,,
28Sep2019,LG012015,1100,117216.01,,
28Sep2019,ABSA BANK BN012015,1100,118316.01,,
28Sep2019,CM012015,1100,119416.01,,
02Oct2019,ZY012015,1100,120516.01,,
07Oct2019,SM012015,1100,121616.01,,
07Oct2019,CAPITEC   XP012015,1100,122716.01,,
11Oct2019,MAINTENANCE FE5412820026498156,-175,122541.01,#,
11Oct2019,CARRIED FORWARD,0,122541.01,,
11Oct2019,BROUGHT FORWARD,0,122541.01,,
26Oct2019,NT012015,1200,123741.01,,
28Oct2019,CM012015,1100,124841.01,,
28Oct2019,VAT 26/09-27/10 = R31.70,0,124841.01,,
28Oct2019,MAINTENANCE FEE,-56,124785.01,#,
28Oct2019,eNote Service Fee-8SMS,-12,124773.01,#,
30Oct2019,SG012015,1100,125873.01,,
01Nov2019,ABSA BANK BN012015,1100,126973.01,,
04Nov2019,SM012015,1100,128073.01,,
04Nov2019,ZY012015,1100,129173.01,,
05Nov2019,CAPITEC   XP012015,1100,130273.01,,
11Nov2019,CARRIED FORWARD,0,130273.01,,
11Nov2019,BROUGHT FORWARD,0,130273.01,,
22Nov2019,NT012015,1200,131473.01,,
27Nov2019,CM012015,1100,132573.01,,
27Nov2019,VAT 28/10-26/11 = R8.87,0,132573.01,,
27Nov2019,MAINTENANCE FEE,-56,132517.01,#,
27Nov2019,eNote Service Fee-8SMS,-12,132505.01,#,
28Nov2019,LG012015,1100,133605.01,,
30Nov2019,ABSA BANK BN012015,1100,134705.01,,
04Dec2019,SM012015,1100,135805.01,,
04Dec2019,ZY012015,1100,136905.01,,
04Dec2019,CAPITEC   XP012015,1100,138005.01,,
11Dec2019,CARRIED FORWARD,0,138005.01,,
11Dec2019,   PROVISIONAL STATEMENT,0,0,,
11Dec2019,BROUGHT FORWARD,0,138005.01,,
17Dec2019,NT012015,2000,140005.01,,
17Dec2019,ZY012015,1100,141105.01,,
17Dec2019,SG012015,1100,142205.01,,
18Dec2019,CARRIED FORWARD,0,142205.01,,

